embedding collision test results
==================================================

original text length: 8729 words
variants tested: 50
collision threshold: 1.00e-06
near collision threshold: 1.00e-04

exact collisions found: 0 (0.000000)
near collisions found: 0 (0.000000)

distance statistics:
  mean euclidean distance: 0.052872
  std euclidean distance: 0.008161
  min euclidean distance: 0.040642
  max euclidean distance: 0.073739

closest variants (top 5):
  1. 44 words changed: [0, 385, 459, 574, 667, 794, 798, 874, 997, 1535, 1620, 1858, 1961, 2550, 2627, 2823, 2987, 3214, 3377, 3425, 3686, 3784, 4008, 4058, 4366, 4728, 4785, 5126, 5152, 5516, 5545, 6148, 6737, 6743, 6857, 6883, 7097, 7555, 7572, 7940, 8005, 8015, 8201, 8207]
    euclidean_distance: 0.040642    cosine_similarity: 0.999063
  2. 44 words changed: [54, 123, 235, 345, 437, 630, 1000, 1163, 1186, 1244, 1753, 1940, 2183, 2478, 2505, 2963, 3306, 3334, 3457, 3547, 3747, 3988, 4335, 4436, 4486, 4754, 4899, 4979, 5152, 5829, 6043, 6091, 6141, 6691, 6753, 7461, 7813, 7892, 8178, 8270, 8289, 8351, 8485, 8714]
    euclidean_distance: 0.041595    cosine_similarity: 0.999018
  3. 44 words changed: [129, 154, 345, 551, 560, 719, 846, 979, 1546, 2198, 2341, 2545, 2778, 3387, 3760, 4235, 4302, 4479, 4499, 4610, 4663, 4688, 4824, 4874, 5067, 5284, 5533, 5605, 5771, 5962, 6001, 6096, 6367, 6407, 6569, 6662, 7309, 7450, 7539, 7590, 7854, 7939, 8108, 8358]
    euclidean_distance: 0.042534    cosine_similarity: 0.998971
  4. 44 words changed: [8, 233, 554, 1083, 1203, 1247, 1258, 1455, 1738, 2056, 2115, 2182, 3066, 3544, 3797, 4020, 4147, 4264, 4303, 4340, 4440, 4590, 4811, 5168, 5242, 5346, 5527, 5551, 5719, 5915, 6170, 6554, 6652, 6691, 6704, 7099, 7474, 7646, 7737, 7835, 7957, 8023, 8265, 8547]
    euclidean_distance: 0.043051    cosine_similarity: 0.998946
  5. 44 words changed: [428, 765, 920, 947, 1268, 1757, 1766, 1847, 2024, 2031, 2102, 2237, 2397, 2485, 2900, 2959, 3237, 3253, 3429, 3610, 3615, 4233, 4283, 4454, 4471, 4617, 4647, 4879, 4885, 5611, 5791, 5936, 5940, 6037, 7027, 7460, 7793, 7929, 8102, 8322, 8359, 8447, 8556, 8705]
    euclidean_distance: 0.043632    cosine_similarity: 0.998917
