embedding collision test results
==================================================

original text length: 8729 words
variants tested: 50
collision threshold: 1.00e-06
near collision threshold: 1.00e-04

exact collisions found: 0 (0.000000)
near collisions found: 0 (0.000000)

distance statistics:
  mean euclidean distance: 0.049297
  std euclidean distance: 0.005048
  min euclidean distance: 0.038967
  max euclidean distance: 0.060218

closest variants (top 5):
  1. 36 words changed: [463, 516, 636, 919, 1001, 1199, 2068, 2070, 2216, 2217, 2308, 2492, 2560, 2613, 2925, 3010, 3192, 3265, 3403, 3770, 4209, 4489, 4551, 4865, 5079, 5873, 6136, 6387, 6497, 7060, 7442, 7795, 7872, 8044, 8462, 8516]
    euclidean_distance: 0.038967    cosine_similarity: 0.999137
  2. 36 words changed: [522, 524, 649, 814, 1024, 1121, 1540, 1777, 1920, 2798, 3070, 3532, 3886, 4217, 4261, 4315, 4448, 4497, 4597, 5080, 5144, 5245, 6104, 6142, 6242, 6916, 7115, 7147, 7151, 7257, 7451, 7452, 7921, 7964, 8061, 8515]
    euclidean_distance: 0.041360    cosine_similarity: 0.999027
  3. 36 words changed: [292, 307, 717, 1116, 1213, 1296, 1440, 1701, 1796, 1825, 1977, 2025, 2141, 2145, 2824, 3299, 3325, 3512, 3949, 4068, 4433, 4672, 5598, 5599, 5729, 5733, 5748, 6357, 6677, 6835, 6898, 7600, 7776, 7883, 8001, 8352]
    euclidean_distance: 0.041527    cosine_similarity: 0.999020
  4. 36 words changed: [25, 152, 515, 1340, 1368, 1389, 1904, 1949, 2041, 2246, 2792, 3675, 3895, 4147, 4677, 5299, 5341, 5440, 5585, 5626, 5708, 5714, 5929, 5952, 6005, 6042, 6083, 6133, 6642, 6718, 7242, 7641, 8070, 8071, 8460, 8674]
    euclidean_distance: 0.041605    cosine_similarity: 0.999016
  5. 36 words changed: [137, 169, 236, 310, 376, 555, 1422, 1426, 1437, 1454, 1535, 2188, 2243, 2537, 3383, 3439, 3566, 3876, 3929, 3965, 4023, 4243, 4298, 4430, 5589, 5800, 5837, 6107, 6133, 6253, 6835, 6980, 7069, 7742, 7902, 8111]
    euclidean_distance: 0.042350    cosine_similarity: 0.998981
