embedding collision test results
==================================================

original text length: 8729 words
variants tested: 50
collision threshold: 1.00e-06
near collision threshold: 1.00e-04

exact collisions found: 0 (0.000000)
near collisions found: 0 (0.000000)

distance statistics:
  mean euclidean distance: 0.052201
  std euclidean distance: 0.007714
  min euclidean distance: 0.038081
  max euclidean distance: 0.072465

closest variants (top 5):
  1. 43 words changed: [221, 561, 629, 903, 1035, 1282, 1597, 1960, 1974, 1975, 2225, 2384, 3241, 3371, 3400, 3862, 3928, 3986, 4002, 4025, 4570, 4616, 4749, 4782, 5036, 5076, 5355, 5456, 5820, 5881, 6590, 6791, 6844, 6943, 6946, 6969, 7007, 7259, 7624, 7877, 8115, 8526, 8617]
    euclidean_distance: 0.038081    cosine_similarity: 0.999176
  2. 43 words changed: [40, 89, 144, 359, 554, 658, 1087, 1638, 1899, 1995, 2021, 2276, 2603, 2705, 2854, 3055, 3316, 3329, 3402, 3423, 3511, 3647, 3905, 3946, 3967, 4195, 4258, 4444, 4884, 4921, 5901, 5916, 5924, 5967, 6171, 6622, 6628, 6696, 6968, 7107, 7368, 8073, 8588]
    euclidean_distance: 0.041990    cosine_similarity: 0.998998
  3. 43 words changed: [147, 379, 473, 822, 828, 990, 1182, 1331, 1526, 1566, 1649, 1725, 2020, 2281, 2993, 3357, 3449, 3790, 3830, 4021, 4247, 4355, 4438, 4558, 4783, 4891, 4949, 5191, 5254, 5803, 5957, 6141, 6192, 6460, 6486, 6640, 6814, 7072, 7166, 7513, 7652, 7750, 8547]
    euclidean_distance: 0.042486    cosine_similarity: 0.998974
  4. 43 words changed: [1, 33, 200, 234, 498, 719, 756, 771, 1072, 1241, 1293, 1399, 1475, 1624, 1909, 2087, 2427, 2663, 3999, 4490, 4526, 4609, 4672, 4807, 4886, 4916, 4956, 5006, 5331, 5370, 5758, 5847, 6140, 6311, 6614, 6749, 6886, 6911, 7582, 7620, 7801, 8627, 8697]
    euclidean_distance: 0.043346    cosine_similarity: 0.998932
  5. 43 words changed: [72, 76, 162, 323, 557, 670, 739, 1032, 1127, 1503, 1584, 1692, 1814, 1846, 1975, 1980, 2074, 2087, 2391, 2734, 3271, 3841, 3936, 4176, 4182, 4192, 4671, 4764, 5077, 5294, 5399, 5950, 6455, 6536, 6587, 7004, 7303, 7467, 7760, 8038, 8284, 8528, 8531]
    euclidean_distance: 0.043362    cosine_similarity: 0.998931
