embedding collision test results
==================================================

original text length: 8729 words
variants tested: 50
collision threshold: 1.00e-06
near collision threshold: 1.00e-04

exact collisions found: 0 (0.000000)
near collisions found: 0 (0.000000)

distance statistics:
  mean euclidean distance: 0.050847
  std euclidean distance: 0.006540
  min euclidean distance: 0.037476
  max euclidean distance: 0.065493

closest variants (top 5):
  1. 39 words changed: [357, 531, 782, 1358, 1864, 2170, 2463, 2584, 2684, 2925, 3190, 3365, 3877, 4016, 4155, 4271, 4597, 4787, 4906, 4941, 5294, 5350, 5509, 5649, 5666, 5697, 5854, 6226, 6302, 6474, 6714, 6957, 7035, 7114, 7226, 7431, 7596, 8026, 8169]
    euclidean_distance: 0.037476    cosine_similarity: 0.999202
  2. 39 words changed: [333, 518, 612, 824, 837, 1834, 1921, 2542, 2601, 2693, 2806, 3001, 3508, 3894, 4203, 4319, 4512, 4634, 4980, 5035, 5208, 5303, 5872, 6059, 6251, 6377, 6864, 7141, 7213, 7464, 7521, 7719, 7901, 7946, 8030, 8052, 8179, 8516, 8536]
    euclidean_distance: 0.038165    cosine_similarity: 0.999172
  3. 39 words changed: [81, 114, 180, 337, 605, 797, 969, 1347, 1429, 1432, 1596, 1844, 2304, 2328, 3056, 3058, 3420, 3948, 4373, 4483, 4966, 4982, 5031, 5422, 5455, 5471, 5482, 5604, 6111, 6126, 6147, 6242, 6556, 6625, 6945, 7985, 8039, 8429, 8615]
    euclidean_distance: 0.039130    cosine_similarity: 0.999131
  4. 39 words changed: [6, 704, 941, 1007, 1113, 1502, 1552, 1579, 1671, 1682, 1736, 1948, 1973, 2570, 2814, 3033, 3588, 3612, 3772, 3991, 4123, 4279, 4481, 4509, 4700, 4740, 5275, 5529, 5684, 6013, 6252, 6281, 6352, 6624, 6754, 7914, 8205, 8219, 8595]
    euclidean_distance: 0.041798    cosine_similarity: 0.999007
  5. 39 words changed: [213, 1096, 1506, 1582, 2050, 2056, 2697, 2958, 3092, 3371, 3550, 4064, 4071, 4276, 4620, 4757, 5548, 5563, 5672, 6000, 6049, 6120, 6273, 6291, 6474, 6890, 7015, 7101, 7102, 7432, 7434, 7648, 7678, 8033, 8057, 8102, 8177, 8185, 8278]
    euclidean_distance: 0.041840    cosine_similarity: 0.999005
