embedding collision test results
==================================================

original text length: 8729 words
variants tested: 50
collision threshold: 1.00e-06
near collision threshold: 1.00e-04

exact collisions found: 0 (0.000000)
near collisions found: 0 (0.000000)

distance statistics:
  mean euclidean distance: 0.048489
  std euclidean distance: 0.007043
  min euclidean distance: 0.037470
  max euclidean distance: 0.072832

closest variants (top 5):
  1. 37 words changed: [3, 153, 360, 406, 424, 562, 620, 1012, 1037, 1136, 1280, 1460, 1758, 3035, 3201, 3260, 3458, 3839, 4471, 4639, 4743, 4834, 5082, 5952, 5994, 6170, 6220, 6497, 6502, 6787, 6974, 7622, 7952, 8082, 8140, 8152, 8675]
    euclidean_distance: 0.037470    cosine_similarity: 0.999202
  2. 37 words changed: [268, 547, 551, 568, 779, 831, 1321, 1500, 1573, 1776, 1877, 1889, 1945, 1959, 2016, 2098, 2688, 3124, 3259, 3525, 3767, 3925, 4087, 4089, 4244, 4468, 4629, 4899, 5326, 5861, 5948, 6258, 6526, 7150, 7761, 8071, 8113]
    euclidean_distance: 0.039300    cosine_similarity: 0.999122
  3. 37 words changed: [260, 507, 1381, 1585, 1749, 1989, 2034, 2496, 3189, 3357, 3629, 3837, 3914, 3968, 4046, 4329, 4346, 4498, 4516, 4727, 4744, 5001, 5054, 5461, 5796, 6045, 6164, 6278, 6807, 6876, 6933, 7055, 7401, 7531, 7754, 7941, 8250]
    euclidean_distance: 0.039798    cosine_similarity: 0.999099
  4. 37 words changed: [237, 242, 348, 393, 505, 980, 1586, 1655, 1673, 1953, 2028, 2856, 3007, 3552, 3626, 3958, 3983, 4083, 4094, 4280, 4299, 4657, 4777, 5089, 5094, 5306, 5440, 5526, 5662, 5780, 6199, 6581, 7228, 7990, 8006, 8556, 8578]
    euclidean_distance: 0.040418    cosine_similarity: 0.999071
  5. 37 words changed: [18, 471, 723, 747, 1026, 1034, 1229, 1478, 1620, 2264, 2372, 2510, 2607, 2959, 3084, 3572, 3927, 4081, 4219, 4263, 4392, 4757, 4887, 5065, 5238, 5476, 5700, 6142, 6200, 6393, 6678, 6824, 7261, 7767, 7873, 8046, 8457]
    euclidean_distance: 0.041029    cosine_similarity: 0.999043
