embedding collision test results
==================================================

original text length: 8729 words
variants tested: 50
collision threshold: 1.00e-06
near collision threshold: 1.00e-04

exact collisions found: 0 (0.000000)
near collisions found: 0 (0.000000)

distance statistics:
  mean euclidean distance: 0.054760
  std euclidean distance: 0.006986
  min euclidean distance: 0.042140
  max euclidean distance: 0.070527

closest variants (top 5):
  1. 50 words changed: [60, 64, 276, 419, 726, 801, 1239, 1465, 1479, 1525, 1782, 2095, 2299, 2351, 2937, 3518, 3547, 3782, 3788, 3838, 3986, 4323, 4473, 4476, 4743, 4829, 4858, 4878, 4924, 5174, 5241, 5676, 5815, 5978, 6148, 6164, 6297, 6698, 6730, 7159, 7474, 7500, 7525, 7550, 7625, 7802, 7895, 7947, 8139, 8189]
    euclidean_distance: 0.042140    cosine_similarity: 0.998993
  2. 50 words changed: [23, 59, 106, 146, 353, 461, 912, 914, 1014, 1153, 1158, 1168, 1263, 1286, 1516, 1591, 1748, 2299, 2391, 2584, 2738, 2789, 2936, 3778, 3955, 3961, 3995, 4313, 4377, 4492, 4663, 4685, 4831, 4859, 5089, 5109, 5262, 5339, 5368, 5431, 5657, 5730, 5833, 5930, 6043, 6101, 6681, 6818, 7061, 8045]
    euclidean_distance: 0.043327    cosine_similarity: 0.998933
  3. 50 words changed: [317, 404, 655, 741, 1064, 1123, 1269, 1572, 1577, 2533, 2561, 2984, 3020, 3023, 3052, 3080, 3529, 3550, 3753, 3890, 4084, 4277, 4313, 4343, 4344, 4415, 4501, 4628, 4755, 5049, 5079, 5217, 5225, 5271, 5295, 5619, 5756, 5982, 5993, 6123, 6137, 6157, 6533, 6586, 6778, 6830, 7065, 7395, 8534, 8669]
    euclidean_distance: 0.045159    cosine_similarity: 0.998840
  4. 50 words changed: [77, 172, 448, 696, 740, 878, 939, 963, 1175, 1191, 1222, 1340, 1392, 1708, 1759, 1872, 1922, 2095, 2185, 2227, 2468, 2488, 2714, 2799, 3166, 3424, 3462, 3891, 3932, 4261, 4705, 4751, 5195, 5348, 5462, 5742, 5795, 6063, 6175, 6582, 6831, 6887, 7105, 7489, 7559, 7776, 8384, 8507, 8604, 8669]
    euclidean_distance: 0.046400    cosine_similarity: 0.998776
  5. 50 words changed: [69, 72, 116, 152, 175, 271, 343, 555, 632, 888, 1073, 1361, 1578, 2295, 2320, 2426, 3318, 3371, 3438, 3466, 3545, 3568, 3861, 4147, 4152, 4473, 4545, 4687, 4689, 4735, 4770, 4801, 5215, 5432, 6044, 6096, 6108, 6264, 6537, 6624, 7132, 7268, 7274, 7400, 7587, 7666, 7844, 7937, 7958, 8542]
    euclidean_distance: 0.046405    cosine_similarity: 0.998775
