embedding collision test results
==================================================

original text length: 8729 words
variants tested: 50
collision threshold: 1.00e-06
near collision threshold: 1.00e-04

exact collisions found: 0 (0.000000)
near collisions found: 0 (0.000000)

distance statistics:
  mean euclidean distance: 0.048778
  std euclidean distance: 0.007654
  min euclidean distance: 0.031746
  max euclidean distance: 0.083130

closest variants (top 5):
  1. 38 words changed: [9, 58, 143, 515, 516, 664, 1344, 1412, 1933, 1963, 2413, 2450, 2501, 2522, 2539, 3069, 3341, 3414, 3611, 4429, 4815, 4969, 5028, 5208, 5634, 5679, 5706, 5722, 6198, 6534, 6733, 6793, 7166, 7431, 7453, 7808, 7935, 8430]
    euclidean_distance: 0.031746    cosine_similarity: 0.999427
  2. 38 words changed: [273, 554, 959, 1046, 1056, 1144, 1145, 1873, 2009, 2198, 2207, 2440, 2528, 2824, 2943, 3001, 3842, 4523, 4586, 4816, 4841, 4933, 5035, 5072, 5091, 5191, 5296, 5807, 5863, 5963, 6027, 6162, 6542, 7052, 7766, 8176, 8577, 8586]
    euclidean_distance: 0.041119    cosine_similarity: 0.999039
  3. 38 words changed: [99, 408, 468, 547, 589, 712, 750, 910, 1064, 1102, 1126, 1636, 1686, 1806, 1908, 2597, 2630, 2856, 3440, 3483, 4015, 4303, 4357, 4444, 4512, 4759, 4995, 5181, 5289, 6114, 6185, 6198, 6318, 6773, 7614, 7892, 7912, 7996]
    euclidean_distance: 0.041604    cosine_similarity: 0.999016
  4. 38 words changed: [124, 131, 502, 1053, 1363, 1506, 1618, 1626, 1841, 1912, 1921, 1956, 2254, 2265, 2313, 3616, 3839, 4002, 4126, 4333, 5118, 5466, 5477, 5681, 5819, 6019, 6057, 6521, 6785, 6980, 7052, 7070, 7148, 7257, 7260, 7432, 7548, 7924]
    euclidean_distance: 0.041972    cosine_similarity: 0.998998
  5. 38 words changed: [454, 496, 647, 834, 1014, 1104, 1286, 1616, 1875, 2104, 2285, 2514, 2567, 2606, 2652, 2953, 2999, 3016, 3199, 3339, 3476, 3790, 4202, 4341, 5186, 5251, 5822, 5964, 5979, 6963, 7083, 7084, 7229, 7246, 7938, 8427, 8470, 8726]
    euclidean_distance: 0.042151    cosine_similarity: 0.998990
