embedding collision test results
==================================================

original text length: 8729 words
variants tested: 50
collision threshold: 1.00e-06
near collision threshold: 1.00e-04

exact collisions found: 0 (0.000000)
near collisions found: 0 (0.000000)

distance statistics:
  mean euclidean distance: 0.051289
  std euclidean distance: 0.008649
  min euclidean distance: 0.032380
  max euclidean distance: 0.073798

closest variants (top 5):
  1. 42 words changed: [99, 546, 695, 700, 750, 1253, 1518, 1628, 1653, 1979, 1989, 2034, 2122, 2163, 2192, 2213, 2470, 3449, 3965, 4116, 4221, 4388, 4390, 4443, 4710, 4864, 4926, 4987, 5394, 5528, 5626, 5809, 6566, 6713, 7041, 7376, 7767, 7859, 8193, 8299, 8535, 8598]
    euclidean_distance: 0.032380    cosine_similarity: 0.999404
  2. 42 words changed: [40, 362, 501, 517, 536, 1180, 1277, 1412, 1435, 1603, 2053, 2367, 2449, 2478, 2527, 2822, 3207, 3252, 3313, 4339, 4734, 4800, 4808, 4891, 5209, 5261, 5278, 5352, 5666, 5911, 5917, 5940, 6821, 6853, 7331, 7402, 7420, 8018, 8026, 8256, 8275, 8434]
    euclidean_distance: 0.036875    cosine_similarity: 0.999227
  3. 42 words changed: [488, 553, 607, 664, 741, 993, 1140, 1146, 1161, 1630, 1643, 1780, 1948, 2431, 2596, 2965, 3265, 3287, 3975, 4013, 4647, 4888, 5040, 5177, 5357, 5698, 5865, 6024, 6393, 6450, 6655, 6668, 6884, 6897, 7017, 7082, 7356, 7388, 7880, 7900, 8130, 8562]
    euclidean_distance: 0.038529    cosine_similarity: 0.999156
  4. 42 words changed: [77, 200, 768, 934, 944, 981, 1144, 1685, 1767, 1823, 1935, 1985, 2206, 2304, 2393, 2522, 2572, 2998, 3300, 3359, 3430, 4088, 4224, 4324, 4589, 4832, 5051, 5250, 5366, 5626, 6026, 6356, 6698, 7377, 7428, 7642, 7680, 7849, 8352, 8380, 8525, 8618]
    euclidean_distance: 0.039689    cosine_similarity: 0.999104
  5. 42 words changed: [104, 133, 207, 244, 1370, 1428, 1468, 1687, 1874, 2157, 2243, 2292, 2545, 3018, 3327, 3644, 3801, 3953, 3990, 4856, 4925, 5027, 5279, 5442, 5493, 5581, 5736, 5887, 5963, 6460, 7015, 7133, 7143, 7236, 7296, 7559, 7779, 7871, 7928, 8037, 8092, 8358]
    euclidean_distance: 0.040488    cosine_similarity: 0.999068
