embedding collision test results
==================================================

original text length: 8729 words
variants tested: 50
collision threshold: 1.00e-06
near collision threshold: 1.00e-04

exact collisions found: 0 (0.000000)
near collisions found: 0 (0.000000)

distance statistics:
  mean euclidean distance: 0.052995
  std euclidean distance: 0.007363
  min euclidean distance: 0.041534
  max euclidean distance: 0.077104

closest variants (top 5):
  1. 47 words changed: [408, 939, 1320, 1559, 1564, 1569, 1640, 1730, 1938, 1999, 2007, 2026, 2074, 2284, 2343, 2432, 2441, 2456, 2540, 3015, 3109, 3302, 3386, 3402, 3472, 3614, 4025, 4091, 4180, 4540, 4942, 5188, 5649, 5707, 6401, 6537, 7060, 7137, 7246, 7393, 7623, 7643, 8026, 8065, 8359, 8420, 8601]
    euclidean_distance: 0.041534    cosine_similarity: 0.999019
  2. 47 words changed: [23, 58, 92, 165, 428, 782, 786, 909, 921, 1192, 1891, 1956, 1960, 2324, 2522, 2613, 3055, 3343, 3480, 3839, 3869, 4196, 4404, 4532, 4719, 4773, 5163, 5351, 5752, 6030, 6208, 6394, 6447, 6896, 7059, 7104, 7360, 7422, 7519, 7640, 8052, 8164, 8269, 8306, 8351, 8560, 8695]
    euclidean_distance: 0.043897    cosine_similarity: 0.998905
  3. 47 words changed: [76, 253, 305, 392, 617, 718, 749, 865, 1138, 1409, 1537, 1586, 1723, 1822, 1855, 1992, 2091, 2186, 2567, 2902, 3236, 3713, 3797, 3847, 3875, 3907, 4011, 4167, 4393, 4451, 4498, 4752, 4806, 4870, 4911, 5260, 5307, 5858, 6254, 6292, 6420, 6467, 6636, 7074, 7086, 7796, 7817]
    euclidean_distance: 0.044358    cosine_similarity: 0.998883
  4. 47 words changed: [188, 289, 300, 376, 466, 662, 1035, 1056, 1652, 2039, 2454, 2484, 2690, 2904, 3019, 3080, 3116, 3187, 3276, 3697, 3700, 3816, 4161, 4229, 4598, 4622, 4791, 5148, 5247, 5280, 5395, 5419, 5773, 5784, 5844, 6240, 6272, 6437, 6865, 7180, 8004, 8133, 8294, 8298, 8438, 8622, 8692]
    euclidean_distance: 0.044593    cosine_similarity: 0.998869
  5. 47 words changed: [213, 250, 298, 323, 702, 767, 954, 980, 1063, 1153, 1483, 1910, 1977, 2101, 2332, 2489, 2615, 2698, 3409, 3416, 4305, 4407, 4790, 5128, 5134, 5164, 5271, 5298, 5364, 5458, 5659, 5787, 5821, 5980, 6201, 6301, 6517, 6833, 6857, 7023, 7090, 7443, 7502, 7764, 7846, 8036, 8435]
    euclidean_distance: 0.044977    cosine_similarity: 0.998850
