embedding collision test results
==================================================

original text length: 8729 words
variants tested: 50
collision threshold: 1.00e-06
near collision threshold: 1.00e-04

exact collisions found: 0 (0.000000)
near collisions found: 0 (0.000000)

distance statistics:
  mean euclidean distance: 0.052055
  std euclidean distance: 0.005623
  min euclidean distance: 0.039204
  max euclidean distance: 0.069297

closest variants (top 5):
  1. 49 words changed: [237, 245, 316, 556, 648, 862, 917, 1153, 1183, 1344, 1364, 1449, 1945, 2025, 2297, 2303, 2502, 2523, 2774, 2857, 2999, 3351, 3366, 3781, 4047, 4221, 4403, 4971, 5183, 5287, 5467, 5582, 5592, 5820, 5871, 5876, 6416, 6450, 6533, 6657, 6704, 7072, 7131, 7380, 7487, 7517, 7851, 8087, 8512]
    euclidean_distance: 0.039204    cosine_similarity: 0.999129
  2. 49 words changed: [34, 586, 794, 968, 986, 1020, 1208, 1520, 1615, 1688, 1787, 1807, 1930, 1999, 2006, 2467, 2520, 2530, 2580, 2635, 2647, 2673, 2675, 2953, 3163, 4127, 4195, 4638, 4727, 4874, 4964, 5022, 5089, 5694, 5810, 5899, 6038, 6041, 6058, 6119, 6412, 6646, 6682, 7221, 7280, 7304, 7997, 7998, 8425]
    euclidean_distance: 0.043451    cosine_similarity: 0.998927
  3. 49 words changed: [133, 172, 500, 954, 1071, 1240, 1728, 1828, 2108, 2219, 2522, 2811, 2833, 2963, 3249, 3252, 3487, 3530, 3541, 3634, 3875, 4260, 4357, 4716, 5152, 5171, 5178, 5199, 5209, 5397, 5695, 5934, 5990, 5993, 6101, 6303, 6372, 6570, 6829, 6985, 7231, 7260, 7946, 7987, 8032, 8143, 8307, 8601, 8682]
    euclidean_distance: 0.045849    cosine_similarity: 0.998805
  4. 49 words changed: [451, 452, 959, 1299, 1607, 1633, 2341, 2408, 2733, 2739, 3154, 3360, 3622, 3672, 3759, 3846, 3999, 4390, 4526, 4628, 4686, 4694, 4791, 4810, 4918, 4963, 5396, 5504, 5854, 5903, 5986, 6051, 6106, 6183, 6294, 6306, 6362, 6424, 6535, 6664, 6686, 7211, 7311, 7697, 7818, 8041, 8406, 8470, 8622]
    euclidean_distance: 0.045924    cosine_similarity: 0.998801
  5. 49 words changed: [198, 199, 228, 290, 412, 531, 574, 735, 921, 1515, 1559, 1565, 1682, 2029, 2309, 2415, 2419, 2430, 2590, 2632, 2693, 2929, 3323, 4048, 4095, 4208, 4476, 4626, 4682, 4919, 4971, 5265, 5335, 5443, 5605, 5890, 6141, 6256, 6779, 6838, 7508, 7564, 7951, 8018, 8023, 8437, 8500, 8709, 8723]
    euclidean_distance: 0.046397    cosine_similarity: 0.998776
