embedding collision test results
==================================================

original text length: 8729 words
variants tested: 50
collision threshold: 1.00e-06
near collision threshold: 1.00e-04

exact collisions found: 0 (0.000000)
near collisions found: 0 (0.000000)

distance statistics:
  mean euclidean distance: 0.053555
  std euclidean distance: 0.007547
  min euclidean distance: 0.041781
  max euclidean distance: 0.082573

closest variants (top 5):
  1. 48 words changed: [124, 370, 416, 806, 1029, 1191, 1262, 1405, 1491, 1659, 2079, 2142, 2351, 2559, 2647, 2756, 3358, 3422, 3443, 3482, 3561, 3616, 3796, 3876, 4213, 4287, 4370, 4572, 4803, 4839, 5822, 5927, 6094, 6193, 6205, 6230, 6363, 6386, 6750, 6901, 7061, 7731, 8125, 8344, 8413, 8496, 8500, 8645]
    euclidean_distance: 0.041781    cosine_similarity: 0.999008
  2. 48 words changed: [160, 257, 405, 500, 528, 683, 815, 858, 986, 1029, 1146, 1489, 2141, 2182, 2226, 2674, 2724, 2998, 3187, 3302, 3330, 3503, 3846, 3951, 3954, 4493, 4640, 4650, 4667, 4686, 4721, 4793, 5608, 5619, 6004, 6082, 6183, 6740, 6841, 7334, 7335, 7393, 7620, 7794, 7930, 7943, 8106, 8547]
    euclidean_distance: 0.042038    cosine_similarity: 0.998996
  3. 48 words changed: [126, 586, 826, 899, 1191, 1284, 1306, 1347, 1733, 1840, 1861, 2251, 2369, 2464, 2949, 3026, 3264, 3277, 3364, 3903, 3957, 4386, 4427, 4817, 4981, 5232, 5246, 5511, 5577, 5611, 5983, 6021, 6117, 6174, 6395, 6584, 6599, 6838, 6917, 6927, 6972, 6989, 7222, 7418, 7793, 7908, 8440, 8715]
    euclidean_distance: 0.042190    cosine_similarity: 0.998989
  4. 48 words changed: [275, 507, 621, 646, 805, 864, 974, 1162, 1454, 1606, 1664, 1670, 1723, 1855, 1893, 2036, 2526, 2731, 2799, 2954, 3146, 3164, 3494, 3791, 3943, 4888, 4964, 5118, 5142, 5485, 5733, 5843, 5991, 6093, 6269, 6494, 6572, 6873, 6910, 7147, 7297, 7454, 7543, 7572, 7720, 7913, 7965, 8361]
    euclidean_distance: 0.043143    cosine_similarity: 0.998942
  5. 48 words changed: [206, 267, 279, 312, 332, 389, 1111, 1119, 1232, 1372, 1378, 1423, 1477, 1629, 2102, 2155, 2281, 2308, 2333, 2474, 2786, 2919, 3108, 3413, 3562, 3895, 3984, 4293, 4298, 4695, 4766, 4942, 5027, 5053, 5133, 5225, 5364, 6257, 6281, 7039, 7185, 7555, 7576, 7735, 7768, 7897, 8120, 8149]
    euclidean_distance: 0.044954    cosine_similarity: 0.998851
