embedding collision test results
==================================================

original text length: 8729 words
variants tested: 50
collision threshold: 1.00e-06
near collision threshold: 1.00e-04

exact collisions found: 0 (0.000000)
near collisions found: 0 (0.000000)

distance statistics:
  mean euclidean distance: 0.050895
  std euclidean distance: 0.007711
  min euclidean distance: 0.040884
  max euclidean distance: 0.073637

closest variants (top 5):
  1. 41 words changed: [118, 126, 150, 586, 867, 1802, 2060, 2382, 2580, 2609, 3016, 3162, 3254, 3480, 3481, 3756, 4451, 4461, 4626, 4944, 4989, 5310, 5990, 6147, 6402, 6406, 6616, 6701, 6873, 7048, 7058, 7297, 7446, 7705, 7748, 8073, 8087, 8168, 8393, 8444, 8710]
    euclidean_distance: 0.040884    cosine_similarity: 0.999049
  2. 41 words changed: [105, 159, 386, 590, 597, 635, 648, 802, 1079, 1102, 1120, 1206, 1260, 1341, 1477, 2025, 2030, 2331, 2370, 2741, 3266, 3590, 3818, 4111, 4346, 4618, 5837, 5875, 6236, 6359, 6365, 6621, 6622, 6658, 6984, 7481, 7527, 7765, 8108, 8387, 8701]
    euclidean_distance: 0.040913    cosine_similarity: 0.999049
  3. 41 words changed: [171, 455, 798, 1424, 1823, 1972, 2018, 2173, 2301, 2347, 2799, 2898, 3092, 3418, 3463, 3875, 4288, 4321, 4589, 4690, 4879, 4981, 5139, 5409, 5672, 5887, 5901, 5951, 6285, 6344, 6356, 6503, 6811, 6818, 7714, 7955, 7994, 8017, 8090, 8175, 8271]
    euclidean_distance: 0.041862    cosine_similarity: 0.999005
  4. 41 words changed: [278, 549, 936, 968, 1375, 1396, 1416, 1491, 1881, 1958, 1968, 2076, 2088, 2136, 2447, 2462, 2491, 2798, 2954, 3234, 3457, 3610, 3908, 4290, 4408, 4587, 5124, 5356, 5605, 6043, 6061, 6688, 6800, 6884, 6961, 6968, 7051, 7169, 7438, 7945, 8713]
    euclidean_distance: 0.042770    cosine_similarity: 0.998960
  5. 41 words changed: [556, 1226, 1236, 1359, 1518, 1758, 1763, 1829, 1895, 2080, 2126, 2198, 2230, 2334, 2366, 2533, 2785, 2800, 3072, 3347, 3370, 3392, 3534, 3960, 4069, 4179, 4683, 4711, 4813, 4814, 5056, 5342, 5575, 6302, 6419, 6525, 6621, 6714, 7288, 7382, 8205]
    euclidean_distance: 0.042872    cosine_similarity: 0.998955
