embedding collision test results
==================================================

original text length: 8729 words
variants tested: 50
collision threshold: 1.00e-06
near collision threshold: 1.00e-04

exact collisions found: 0 (0.000000)
near collisions found: 0 (0.000000)

distance statistics:
  mean euclidean distance: 0.050663
  std euclidean distance: 0.006433
  min euclidean distance: 0.040944
  max euclidean distance: 0.071541

closest variants (top 5):
  1. 40 words changed: [777, 845, 950, 952, 1165, 1178, 1342, 1413, 1514, 1526, 1539, 1843, 1899, 2128, 3235, 3386, 3443, 3659, 3844, 3869, 3886, 3996, 4113, 4357, 4593, 4647, 5071, 5458, 5779, 5793, 6001, 6180, 6245, 6514, 6532, 6559, 6746, 6817, 7117, 7679]
    euclidean_distance: 0.040944    cosine_similarity: 0.999047
  2. 40 words changed: [293, 512, 1230, 1270, 1305, 1322, 1582, 1673, 1968, 2052, 2197, 3346, 3412, 3474, 3620, 4002, 4052, 4120, 4494, 4612, 4789, 5164, 5278, 5476, 5878, 5896, 5905, 6671, 6814, 6937, 7102, 7174, 7433, 7632, 7757, 7819, 7949, 8474, 8537, 8700]
    euclidean_distance: 0.042083    cosine_similarity: 0.998993
  3. 40 words changed: [724, 1127, 1132, 1373, 1493, 1580, 1846, 1922, 1980, 2174, 2302, 2415, 2695, 3308, 3359, 3447, 3474, 3688, 3796, 3873, 3948, 4313, 4579, 4620, 5053, 5095, 5152, 5231, 5279, 5381, 5861, 5966, 6247, 7153, 7192, 7315, 7612, 7774, 8237, 8498]
    euclidean_distance: 0.042092    cosine_similarity: 0.998993
  4. 40 words changed: [324, 795, 897, 928, 1398, 1456, 1872, 1913, 1950, 2258, 2615, 2910, 3380, 3407, 3423, 3615, 3624, 3820, 3839, 3884, 4180, 4245, 4286, 4410, 4443, 4514, 4551, 4560, 4792, 5354, 5473, 5756, 6061, 6171, 6598, 6626, 7272, 8176, 8275, 8361]
    euclidean_distance: 0.042612    cosine_similarity: 0.998968
  5. 40 words changed: [43, 68, 140, 341, 407, 1018, 1196, 1538, 1554, 1891, 2309, 2386, 2748, 2814, 2989, 3312, 3525, 3564, 3573, 4307, 4732, 5107, 5560, 5623, 5676, 6086, 6103, 6196, 6324, 6388, 6395, 6727, 6907, 7088, 7133, 7143, 7385, 7917, 8464, 8622]
    euclidean_distance: 0.043569    cosine_similarity: 0.998921
