embedding collision test results
==================================================

original text length: 8729 words
variants tested: 50
collision threshold: 1.00e-06
near collision threshold: 1.00e-04

exact collisions found: 0 (0.000000)
near collisions found: 0 (0.000000)

distance statistics:
  mean euclidean distance: 0.053801
  std euclidean distance: 0.007071
  min euclidean distance: 0.043579
  max euclidean distance: 0.076306

closest variants (top 5):
  1. 46 words changed: [28, 317, 420, 661, 724, 1364, 1468, 1640, 1835, 2009, 2360, 2685, 3198, 3234, 3526, 3607, 3640, 3791, 3828, 3884, 3982, 4116, 4471, 4755, 4773, 4817, 4895, 4897, 4992, 5605, 5977, 6002, 6054, 6073, 6392, 6445, 6588, 6826, 7113, 7133, 7288, 7470, 7595, 7889, 8121, 8409]
    euclidean_distance: 0.043579    cosine_similarity: 0.998921
  2. 46 words changed: [19, 86, 309, 351, 473, 539, 779, 912, 1173, 1337, 1403, 1428, 1487, 1528, 1626, 1902, 1909, 2007, 2452, 2490, 2949, 3053, 3180, 4277, 4297, 4484, 4568, 4592, 4638, 4639, 4681, 4817, 4818, 5188, 5260, 5591, 6065, 6267, 6945, 7184, 7242, 7264, 8000, 8362, 8376, 8409]
    euclidean_distance: 0.044274    cosine_similarity: 0.998886
  3. 46 words changed: [12, 485, 609, 685, 956, 1620, 1818, 1895, 2052, 2074, 2075, 2196, 2287, 2340, 2536, 2677, 2840, 2968, 3108, 3154, 3277, 3435, 4278, 4352, 4557, 4566, 4725, 5045, 5184, 5419, 5552, 5823, 6041, 6455, 6457, 6469, 6558, 6888, 6968, 7222, 7300, 7577, 7793, 8164, 8531, 8634]
    euclidean_distance: 0.045069    cosine_similarity: 0.998846
  4. 46 words changed: [61, 70, 215, 309, 756, 842, 909, 910, 1103, 1580, 1663, 1737, 1741, 1809, 1853, 1938, 2014, 2029, 2527, 2609, 2661, 2762, 3047, 3065, 3094, 3421, 3755, 3871, 3960, 4047, 4384, 4588, 4719, 5022, 5452, 6745, 6819, 6893, 7013, 7209, 7233, 7358, 7478, 7593, 7740, 8233]
    euclidean_distance: 0.045389    cosine_similarity: 0.998829
  5. 46 words changed: [386, 466, 503, 650, 741, 1090, 1113, 1172, 1252, 1376, 1616, 2087, 2119, 2265, 2376, 2522, 3063, 3080, 3175, 3502, 3523, 3806, 3871, 4487, 4672, 4820, 4938, 5124, 5255, 5420, 5548, 5670, 5721, 6022, 6029, 6396, 6503, 6844, 6962, 7034, 7089, 7165, 7407, 7871, 8214, 8260]
    euclidean_distance: 0.046246    cosine_similarity: 0.998784
