embedding collision test results
==================================================

original text length: 8729 words
variants tested: 50
collision threshold: 1.00e-06
near collision threshold: 1.00e-04

exact collisions found: 0 (0.000000)
near collisions found: 0 (0.000000)

distance statistics:
  mean euclidean distance: 0.051803
  std euclidean distance: 0.007352
  min euclidean distance: 0.041646
  max euclidean distance: 0.069856

closest variants (top 5):
  1. 45 words changed: [159, 346, 443, 452, 568, 851, 877, 1445, 1690, 1901, 1912, 1931, 2262, 2302, 2328, 2921, 2963, 3087, 3287, 3361, 3397, 3771, 4052, 4125, 4398, 4733, 4922, 5009, 5074, 5223, 5704, 5741, 6076, 6110, 6119, 6129, 6432, 6761, 6888, 6937, 7079, 7112, 7724, 7968, 8562]
    euclidean_distance: 0.041646    cosine_similarity: 0.999014
  2. 45 words changed: [94, 303, 506, 542, 602, 740, 917, 1269, 1907, 2035, 2198, 2210, 2432, 2743, 3148, 3284, 3564, 3818, 3999, 4083, 4278, 4806, 5022, 5027, 5487, 5489, 5530, 5716, 5762, 5981, 6063, 6071, 6075, 6205, 6551, 7228, 7252, 7433, 7463, 7569, 7926, 8074, 8125, 8164, 8390]
    euclidean_distance: 0.042065    cosine_similarity: 0.998994
  3. 45 words changed: [78, 1070, 1277, 1510, 1614, 1659, 1799, 1840, 2097, 2234, 2274, 2337, 2356, 2380, 2406, 2735, 2892, 3151, 3391, 3844, 3907, 4082, 4399, 4552, 4790, 4864, 4955, 4984, 5102, 5530, 6197, 6215, 6246, 6262, 6465, 6488, 6591, 6775, 7143, 7274, 7362, 7886, 8011, 8028, 8392]
    euclidean_distance: 0.042118    cosine_similarity: 0.998991
  4. 45 words changed: [42, 207, 213, 423, 599, 629, 829, 847, 897, 941, 1286, 1305, 1754, 1836, 1866, 2469, 2834, 3212, 3593, 3880, 5061, 5111, 5327, 5329, 5499, 5505, 5511, 6165, 6303, 6325, 6470, 6494, 6513, 6555, 6561, 6802, 6886, 6928, 6999, 7066, 7455, 7459, 7537, 7649, 8286]
    euclidean_distance: 0.043063    cosine_similarity: 0.998946
  5. 45 words changed: [38, 99, 228, 1102, 1245, 1256, 1315, 1455, 1587, 1857, 1888, 2109, 2714, 2906, 2958, 3134, 3158, 4040, 4176, 4213, 4565, 4579, 4631, 4656, 4689, 4930, 4949, 5337, 5577, 5591, 5642, 5722, 5819, 6043, 6463, 6898, 6981, 7130, 7141, 7503, 7632, 8050, 8155, 8363, 8621]
    euclidean_distance: 0.043552    cosine_similarity: 0.998921
